2000 0 0 0 0.003
2400 0.0004166666667 0.0004166666667 0.0004166666667 0.005
2880 0.0006944444444 0.0006944444444 0.0003472222222 0.005555555556
3456 0.0002893518519 0.0005787037037 0.0005787037037 0.006076388889
4147 0.001205690861 0.001446829033 0.001929105377 0.009404388715
4976 0.0008038585209 0.001205787781 0.001205787781 0.007033762058
5971 0.0008373806733 0.0008373806733 0.0008373806733 0.009211187406
7165 0.0009769713887 0.0008374040475 0.001395673412 0.01088625262
8598 0.001046755059 0.001279367295 0.001163061177 0.01174691789
10317 0.001356983619 0.001453911021 0.001163128817 0.0139575458
12380 0.001453957997 0.001534733441 0.00169628433 0.01639741519
14856 0.001817447496 0.001884760366 0.001884760366 0.01817447496
17827 0.002187692825 0.002243787513 0.002355976889 0.02513042015
21392 0.002851533283 0.002758040389 0.002711293942 0.02706619297
25670 0.003194390339 0.003428126217 0.003350214258 0.03599532528
30804 0.004220231139 0.004804570835 0.004512400987 0.04233216465
36964 0.005004869603 0.005113083 0.004815496158 0.05829996754
44356 0.005839119848 0.005613671206 0.005748940391 0.0598340698
53227 0.007458620625 0.00817254401 0.007702857572 0.06735303511
63872 0.008094313627 0.007984719439 0.008047344689 0.0816007014
76646 0.01002009237 0.01093338204 0.01093338204 0.09656081204
91975 0.01145963577 0.01144876325 0.01163359609 0.1169991846
