0 100
0 200
1 300
2 400
2 500
2 600
3 700
5 800
4 900
5 1000
6 1100
7 1200
8 1300
9 1400
11 1500
12 1600
17 1700
16 1800
15 1900
25 2000
33 2100
32 2200
42 2300
46 2400
40 2500
65 2600
43 2700
39 2800
37 2900
37 3000
53 3100
47 3200
53 3300
49 3400
56 3500
56 3600
61 3700
57 3800
62 3900
68 4000
77 4100
70 4200
75 4300
84 4400
83 4500
90 4600
90 4700
92 4800
103 4900
99 5000
141 6000
198 7000
246 8000
303 9000
368 10000
466 11000
595 12000
672 13000
829 14000
915 15000
1294 16000
1211 17000
1322 18000
1415 19000
1597 20000
1945 21000
2240 22000
2410 23000
2297 24000
2558 25000
2756 26000
2980 27000
3436 28000
3681 29000
4169 30000
4011 31000
4424 32000
4852 33000
5251 34000
5163 35000
5832 36000
5822 37000
6498 38000
7208 39000
7410 40000
7892 41000
8472 42000
8818 43000
9635 44000
9185 45000
9669 46000
10737 47000
11250 48000
