0 100
0 200
1 300
2 400
2 500
3 600
4 700
4 800
5 900
6 1000
6 1100
7 1200
8 1300
12 1400
10 1500
19 1600
16 1700
15 1800
19 1900
18 2000
24 2100
29 2200
25 2300
28 2400
34 2500
28 2600
37 2700
35 2800
35 2900
37 3000
40 3100
43 3200
55 3300
52 3400
55 3500
56 3600
53 3700
63 3800
65 3900
71 4000
71 4100
92 4200
81 4300
84 4400
92 4500
92 4600
91 4700
99 4800
98 4900
103 5000
143 6000
211 7000
267 8000
316 9000
429 10000
466 11000
580 12000
732 13000
949 14000
935 15000
1036 16000
1447 17000
1477 18000
1426 19000
1565 20000
1781 21000
1842 22000
2517 23000
2309 24000
2618 25000
2719 26000
2893 27000
3221 28000
3685 29000
3866 30000
3906 31000
4214 32000
4797 33000
4821 34000
5184 35000
5869 36000
5977 37000
5669 38000
5967 39000
6277 40000
6573 41000
7315 42000
7791 43000
8409 44000
8586 45000
8795 46000
9342 47000
10487 48000
