0 100
1 200
2 300
3 400
3 500
4 600
5 700
5 800
7 900
10 1000
11 1100
11 1200
10 1300
19 1400
14 1500
15 1600
21 1700
18 1800
20 1900
22 2000
27 2100
27 2200
31 2300
26 2400
28 2500
30 2600
35 2700
35 2800
41 2900
40 3000
60 3100
51 3200
50 3300
55 3400
55 3500
57 3600
58 3700
63 3800
69 3900
68 4000
73 4100
84 4200
71 4300
95 4400
78 4500
90 4600
82 4700
96 4800
91 4900
98 5000
150 6000
191 7000
241 8000
286 9000
342 10000
425 11000
489 12000
551 13000
706 14000
765 15000
944 16000
988 17000
1043 18000
1205 19000
1412 20000
1470 21000
1677 22000
1742 23000
1977 24000
2223 25000
2538 26000
2552 27000
2832 28000
3026 29000
3140 30000
3632 31000
3804 32000
4088 33000
4451 34000
4980 35000
4904 36000
5734 37000
5854 38000
5973 39000
6395 40000
6312 41000
6790 42000
7350 43000
7360 44000
7651 45000
8321 46000
7862 47000
9080 48000
