10 769 100
19 1825 200
31 2992 300
65 4215 400
77 5515 500
100 6815 600
85 8205 700
102 9605 800
111 11005 900
133 12418 1000
132 13918 1100
154 15418 1200
172 16918 1300
190 18418 1400
202 19918 1500
209 21421 1600
221 23021 1700
230 24621 1800
264 26221 1900
276 27821 2000
296 29421 2100
305 31021 2200
309 32621 2300
342 34221 2400
328 35821 2500
348 37437 2600
457 39137 2700
485 40837 2800
396 42537 2900
420 44237 3000
451 45937 3100
482 47637 3200
492 49337 3300
502 51037 3400
496 52737 3500
506 54437 3600
513 56137 3700
537 57837 3800
522 59537 3900
578 61237 4000
551 62937 4100
563 64656 4200
641 66456 4300
606 68256 4400
663 70056 4500
746 71856 4600
767 73656 4700
887 75456 4800
741 77256 4900
820 79056 5000
940 97056 6000
1077 115291 7000
1280 134291 8000
1437 153291 9000
1603 172291 10000
1805 191345 11000
2003 211345 12000
2263 231345 13000
2393 251345 14000
2445 271345 15000
2732 291345 16000
2887 311345 17000
3124 331634 18000
3281 352634 19000
3522 373634 20000
3780 394634 21000
3925 415634 22000
4120 436634 23000
4300 457634 24000
4548 478634 25000
4674 499634 26000
4798 520634 27000
5062 541634 28000
5308 562977 29000
5410 584977 30000
5969 606977 31000
5824 628977 32000
6056 650977 33000
6331 672977 34000
6461 694977 35000
6821 716977 36000
6892 738977 37000
7092 760977 38000
7421 782977 39000
7615 804977 40000
7671 826977 41000
7965 848977 42000
8026 870977 43000
8348 892977 44000
9101 914977 45000
8877 936977 46000
9049 959609 47000
9250 982609 48000
9431 1005609 49000
9562 1028609 50000
10903 1051609 51000
15087 1074609 52000
13639 1097609 53000
13337 1120609 54000
14165 1143609 55000
12177 1166609 56000
11845 1189609 57000
12338 1212609 58000
12324 1235609 59000
12625 1258609 60000
13076 1281609 61000
12194 1304609 62000
12426 1327609 63000
12854 1350609 64000
12830 1373609 65000
13266 1396609 66000
13229 1419609 67000
13642 1442609 68000
13541 1465609 69000
14047 1488609 70000
14349 1511609 71000
14971 1534609 72000
16409 1557609 73000
25476 1580609 74000
21285 1603609 75000
17861 1627584 76000
17987 1651584 77000
17979 1675584 78000
18017 1699584 79000
19032 1723584 80000
18416 1747584 81000
18505 1771584 82000
19391 1795584 83000
18569 1819584 84000
18847 1843584 85000
18998 1867584 86000
19709 1891584 87000
22054 1915584 88000
22697 1939584 89000
20541 1963584 90000
20787 1987584 91000
22512 2011584 92000
22262 2035584 93000
22420 2059584 94000
21861 2083584 95000
22034 2107584 96000
23001 2131584 97000
22179 -2139383 98000
22132 -2115383 99000
