2 503 100
5 1203 200
9 2104 300
13 2803 400
14 3506 500
24 4804 600
30 5606 700
32 6403 800
42 7204 900
46 8006 1000
61 9904 1100
93 10804 1200
92 11704 1300
62 12606 1400
68 13507 1500
67 14403 1600
85 15305 1700
84 16204 1800
89 17107 1900
80 18006 2000
112 21004 2100
110 22004 2200
123 23007 2300
103 24004 2400
116 25005 2500
133 26004 2600
126 27005 2700
131 28006 2800
135 29006 2900
163 30007 3000
164 31005 3100
152 32003 3200
167 33006 3300
160 34005 3400
169 35007 3500
184 36004 3600
174 37007 3700
177 38007 3800
193 39008 3900
193 40006 4000
236 45102 4100
230 46204 4200
208 47305 4300
244 48404 4400
240 49505 4500
243 50607 4600
401 51706 4700
261 52804 4800
255 53905 4900
267 55005 5000
301 66007 6000
378 77007 7000
444 88006 8000
528 108005 9000
588 120005 10000
654 132008 11000
722 144007 12000
735 156006 13000
934 168007 14000
972 180007 15000
1026 192006 16000
1265 221005 17000
1101 234005 18000
1176 247006 19000
1243 260005 20000
1319 273004 21000
1350 286008 22000
1482 299008 23000
1514 312007 24000
1847 325006 25000
1657 338006 26000
1780 351008 27000
1859 364007 28000
2081 377006 29000
3288 390007 30000
2236 403007 31000
2552 416006 32000
3522 462005 33000
3073 476005 34000
3375 490006 35000
2403 504005 36000
2502 518004 37000
2571 532006 38000
2730 546006 39000
2646 560005 40000
2742 574004 41000
2864 588004 42000
2970 602010 43000
2978 616008 44000
3870 630009 45000
3238 644008 46000
3104 658009 47000
3259 672007 48000
3269 686010 49000
3716 700006 50000
3532 714008 51000
3653 728006 52000
4354 742007 53000
3560 756008 54000
3722 770009 55000
3631 784007 56000
4289 798009 57000
4262 812006 58000
5622 826009 59000
5793 840007 60000
4817 854008 61000
4409 868007 62000
4417 882008 63000
4388 896006 64000
5432 910011 65000
5161 990005 66000
5754 1005007 67000
5492 1020005 68000
5809 1035006 69000
5341 1050006 70000
5750 1065007 71000
6195 1080005 72000
6325 1095007 73000
5976 1110004 74000
6703 1125008 75000
6758 1140006 76000
7624 1155007 77000
7218 1170006 78000
7196 1185007 79000
7860 1200005 80000
8349 1215008 81000
7799 1230004 82000
7572 1245006 83000
7681 1260004 84000
7609 1275005 85000
7619 1290010 86000
7921 1305009 87000
7887 1320008 88000
8016 1335009 89000
8328 1350009 90000
8524 1365009 91000
8858 1380008 92000
8453 1395008 93000
8585 1410009 94000
8604 1425008 95000
8744 1440007 96000
9248 1455010 97000
8738 1470010 98000
8985 1485007 99000
