2 480 100
6 1153 200
10 1898 300
12 2698 400
18 3498 500
23 4387 600
35 5287 700
34 6187 800
36 7087 900
51 7987 1000
63 8964 1100
52 9964 1200
61 10964 1300
54 11964 1400
58 12964 1500
79 13964 1600
83 14964 1700
87 15964 1800
99 16964 1900
167 17964 2000
122 19017 2100
89 20117 2200
111 21217 2300
108 22317 2400
123 23417 2500
125 24517 2600
129 25617 2700
144 26717 2800
148 27817 2900
143 28917 3000
158 30017 3100
157 31117 3200
163 32217 3300
162 33317 3400
183 34417 3500
182 35517 3600
284 36617 3700
262 37717 3800
224 38817 3900
209 39917 4000
200 41022 4100
202 42222 4200
222 43422 4300
238 44622 4400
224 45822 4500
247 47022 4600
249 48222 4700
239 49422 4800
325 50622 4900
265 51822 5000
339 63822 6000
383 75822 7000
442 87822 8000
520 100631 9000
558 113631 10000
620 126631 11000
688 139631 12000
776 152631 13000
856 165631 14000
884 178631 15000
960 191631 16000
1067 205248 17000
1120 219248 18000
1219 233248 19000
1289 247248 20000
1326 261248 21000
1409 275248 22000
1458 289248 23000
1655 303248 24000
1666 317248 25000
1837 331248 26000
1771 345248 27000
1832 359248 28000
1827 373248 29000
1866 387248 30000
2058 401248 31000
2096 415248 32000
2115 429481 33000
2335 444481 34000
2424 459481 35000
2495 474481 36000
2524 489481 37000
2771 504481 38000
2762 519481 39000
2834 534481 40000
2838 549481 41000
3015 564481 42000
2999 579481 43000
3016 594481 44000
3175 609481 45000
3159 624481 46000
3301 639481 47000
3407 654481 48000
4582 669481 49000
5081 684481 50000
3900 699481 51000
3723 714481 52000
3841 729481 53000
3871 744481 54000
4013 759481 55000
4167 774481 56000
4358 789481 57000
4228 804481 58000
6129 819481 59000
4625 834481 60000
4726 849481 61000
4825 864481 62000
4774 879481 63000
4700 894481 64000
5761 909481 65000
6896 924946 66000
6357 940946 67000
6818 956946 68000
6776 972946 69000
8247 988946 70000
6380 1004946 71000
5883 1020946 72000
6415 1036946 73000
6380 1052946 74000
6369 1068946 75000
6531 1084946 76000
6928 1100946 77000
7168 1116946 78000
7596 1132946 79000
7934 1148946 80000
7428 1164946 81000
7441 1180946 82000
7149 1196946 83000
7084 1212946 84000
6976 1228946 85000
7532 1244946 86000
6560 1260946 87000
6739 1276946 88000
7143 1292946 89000
7050 1308946 90000
6890 1324946 91000
6841 1340946 92000
8765 1356946 93000
7562 1372946 94000
7028 1388946 95000
7274 1404946 96000
7543 1420946 97000
7924 1436946 98000
8124 1452946 99000
