0 10
0 20
0 30
0 40
0 50
0 60
0 70
1 80
3 90
1 100
2 110
2 120
3 130
4 140
4 150
4 160
6 170
6 180
6 190
9 200
18 300
44 400
67 500
76 600
100 700
141 800
218 900
203 1000
275 1100
436 1200
415 1300
374 1400
469 1500
618 1600
666 1700
851 1800
742 1900
762 2000
875 2100
953 2200
1069 2300
1125 2400
1343 2500
1310 2600
1423 2700
1813 2800
1620 2900
1783 3000
1937 3100
2055 3200
2164 3300
2680 3400
3424 3500
3005 3600
2899 3700
2791 3800
3414 3900
3670 4000
3434 4100
3422 4200
3893 4300
4025 4400
4128 4500
4268 4600
5093 4700
4622 4800
4496 4900
4732 5000
7913 6000
10382 7000
14509 8000
17278 9000
17612 9100
16646 9200
18733 9300
19237 9400
19133 9500
18879 9600
20744 9700
20041 9800
20160 9900
21873 10000
21732 10100
21148 10200
