0 10
0 20
0 30
0 40
0 50
0 60
1 70
1 80
2 90
1 100
2 110
2 120
3 130
3 140
4 150
4 160
5 170
6 180
6 190
8 200
16 300
63 400
55 500
88 600
104 700
126 800
203 900
207 1000
254 1100
362 1200
353 1300
442 1400
628 1500
711 1600
856 1700
895 1800
806 1900
896 2000
916 2100
983 2200
1075 2300
1174 2400
1261 2500
1324 2600
1558 2700
1508 2800
1593 2900
1723 3000
1819 3100
2371 3200
2628 3300
2369 3400
2508 3500
2534 3600
2947 3700
3233 3800
2943 3900
3144 4000
3442 4100
3457 4200
3907 4300
4291 4400
4119 4500
4586 4600
4330 4700
4436 4800
4744 4900
4843 5000
6948 6000
10610 7000
13624 8000
18070 9000
17912 9100
16483 9200
21244 9300
19578 9400
20703 9500
19478 9600
20432 9700
20083 9800
21460 9900
