0 10
1 20
2 30
2 40
3 50
3 60
2 70
3 80
3 90
3 100
4 110
5 120
4 130
5 140
5 150
5 160
6 170
6 180
7 190
7 200
13 300
16 400
25 500
38 600
32 700
44 800
54 900
56 1000
44 1100
50 1200
104 1300
81 1400
59 1500
73 1600
92 1700
99 1800
87 1900
93 2000
95 2100
95 2200
187 2300
260 2400
112 2500
107 2600
162 2700
152 2800
137 2900
155 3000
177 3100
137 3200
148 3300
185 3400
195 3500
167 3600
146 3700
147 3800
152 3900
174 4000
191 4100
167 4200
166 4300
169 4400
206 4500
209 4600
189 4700
280 4800
232 4900
223 5000
321 6000
266 7000
332 8000
429 9000
387 9100
358 9200
380 9300
399 9400
399 9500
399 9600
440 9700
422 9800
403 9900
543 10000
454 11000
447 12000
668 13000
548 14000
619 15000
607 16000
659 17000
714 18000
719 19000
772 20000
845 21000
944 22000
1002 23000
1006 24000
1106 25000
1170 26000
1217 27000
1190 28000
1209 29000
1251 30000
1471 31000
1657 32000
1540 33000
1368 34000
1481 35000
1396 36000
1639 37000
1494 38000
1577 39000
1895 40000
1831 41000
2526 42000
1841 43000
1944 44000
2025 45000
2399 46000
2054 47000
2005 48000
2304 49000
2041 50000
2469 51000
2238 52000
2505 53000
2371 54000
2351 55000
2321 56000
2907 57000
2307 58000
2373 59000
2576 60000
2932 61000
2748 62000
2925 63000
3477 64000
3027 65000
2703 66000
2724 67000
2645 68000
2720 69000
2724 70000
2765 71000
2786 72000
2909 73000
2902 74000
2907 75000
2886 76000
3227 77000
4164 78000
3300 79000
4315 80000
3187 81000
3420 82000
3195 83000
3256 84000
3307 85000
3809 86000
3633 87000
3750 88000
3821 89000
3631 90000
3712 91000
3587 92000
4098 93000
3832 94000
3752 95000
3935 96000
4150 97000
4332 98000
4259 99000
