0 10
0 20
1 30
1 40
2 50
3 60
3 70
3 80
3 90
5 100
4 110
5 120
6 130
5 140
5 150
8 160
6 170
8 180
14 190
10 200
21 300
20 400
23 500
33 600
53 700
40 800
35 900
41 1000
55 1100
64 1200
51 1300
62 1400
74 1500
73 1600
74 1700
75 1800
78 1900
84 2000
103 2100
127 2200
97 2300
116 2400
113 2500
108 2600
130 2700
158 2800
147 2900
139 3000
156 3100
145 3200
141 3300
141 3400
150 3500
162 3600
152 3700
159 3800
167 3900
150 4000
167 4100
162 4200
168 4300
181 4400
210 4500
214 4600
214 4700
221 4800
398 4900
229 5000
250 6000
322 7000
378 8000
366 9000
379 9100
391 9200
388 9300
473 9400
507 9500
662 9600
585 9700
452 9800
506 9900
601 10000
547 11000
810 12000
510 13000
627 14000
592 15000
647 16000
672 17000
720 18000
784 19000
883 20000
833 21000
1412 22000
1377 23000
1035 24000
1229 25000
1114 26000
1059 27000
1456 28000
1272 29000
1194 30000
1577 31000
1438 32000
1590 33000
2013 34000
1640 35000
1457 36000
1686 37000
1670 38000
1638 39000
1643 40000
1743 41000
1663 42000
1673 43000
1709 44000
1752 45000
1745 46000
1901 47000
1817 48000
1863 49000
1917 50000
1926 51000
2185 52000
2067 53000
2224 54000
2131 55000
2276 56000
2223 57000
2244 58000
2327 59000
2323 60000
2355 61000
2417 62000
2433 63000
2494 64000
2539 65000
2516 66000
2649 67000
2767 68000
2740 69000
2683 70000
2804 71000
3118 72000
2848 73000
2861 74000
2994 75000
3005 76000
2922 77000
3104 78000
3191 79000
3187 80000
3129 81000
3176 82000
3210 83000
3235 84000
3322 85000
3392 86000
3388 87000
3433 88000
3479 89000
4053 90000
4423 91000
4733 92000
3923 93000
4027 94000
4006 95000
4252 96000
5187 97000
5019 98000
4044 99000
