0 100
2 200
3 300
4 400
5 500
5 600
7 700
11 800
8 900
18 1000
20 1100
11 1200
14 1300
8 1400
11 1500
11 1600
20 1700
20 1800
27 1900
27 2000
19 2100
16 2200
26 2300
24 2400
25 2500
27 2600
20 2700
35 2800
24 2900
25 3000
29 3100
22 3200
29 3300
30 3400
24 3500
43 3600
35 3700
33 3800
52 3900
32 4000
36 4100
45 4200
51 4300
41 4400
50 4500
29 4600
45 4700
37 4800
29 4900
36 5000
66 6000
50 7000
83 8000
64 9000
91 10000
71 11000
143 12000
137 13000
141 14000
171 15000
214 16000
174 17000
135 18000
171 19000
200 20000
246 21000
162 22000
278 23000
232 24000
219 25000
202 26000
335 27000
439 28000
342 29000
388 30000
322 31000
294 32000
269 33000
229 34000
402 35000
264 36000
301 37000
312 38000
511 39000
261 40000
435 41000
528 42000
356 43000
300 44000
542 45000
629 46000
274 47000
642 48000
354 49000
466 50000
289 51000
402 52000
491 53000
463 54000
431 55000
613 56000
572 57000
520 58000
442 59000
470 60000
633 61000
604 62000
843 63000
678 64000
754 65000
716 66000
725 67000
653 68000
822 69000
568 70000
479 71000
746 72000
1082 73000
989 74000
932 75000
734 76000
461 77000
1241 78000
761 79000
842 80000
633 81000
605 82000
815 83000
593 84000
845 85000
801 86000
602 87000
1102 88000
685 89000
954 90000
680 91000
952 92000
682 93000
802 94000
797 95000
1184 96000
902 97000
883 98000
984 99000
