0 100
2 200
3 300
4 400
5 500
6 600
8 700
13 800
13 900
16 1000
15 1100
12 1200
12 1300
8 1400
10 1500
11 1600
20 1700
18 1800
25 1900
25 2000
16 2100
14 2200
23 2300
28 2400
30 2500
33 2600
19 2700
18 2800
24 2900
23 3000
29 3100
22 3200
34 3300
33 3400
27 3500
45 3600
38 3700
34 3800
56 3900
34 4000
39 4100
54 4200
54 4300
43 4400
46 4500
43 4600
81 4700
44 4800
33 4900
39 5000
72 6000
56 7000
98 8000
85 9000
94 10000
73 11000
147 12000
141 13000
145 14000
192 15000
247 16000
174 17000
142 18000
176 19000
264 20000
259 21000
174 22000
356 23000
284 24000
250 25000
219 26000
371 27000
421 28000
388 29000
451 30000
334 31000
314 32000
330 33000
325 34000
431 35000
291 36000
324 37000
338 38000
519 39000
262 40000
459 41000
610 42000
371 43000
330 44000
712 45000
720 46000
281 47000
614 48000
425 49000
535 50000
372 51000
451 52000
492 53000
478 54000
445 55000
660 56000
589 57000
527 58000
457 59000
385 60000
636 61000
622 62000
888 63000
662 64000
645 65000
664 66000
840 67000
670 68000
831 69000
497 70000
442 71000
608 72000
963 73000
943 74000
990 75000
660 76000
430 77000
1445 78000
793 79000
783 80000
617 81000
605 82000
871 83000
611 84000
766 85000
813 86000
611 87000
1208 88000
664 89000
851 90000
621 91000
948 92000
743 93000
787 94000
872 95000
1238 96000
907 97000
864 98000
