28 100
45 200
39 300
39 400
36 500
39 600
39 700
36 800
37 900
37 1000
37 1100
41 1200
43 1300
37 1400
41 1500
49 1600
62 1700
40 1800
62 1900
56 2000
63 2100
59 2200
54 2300
55 2400
53 2500
46 2600
51 2700
44 2800
42 2900
57 3000
50 3100
48 3200
53 3300
46 3400
50 3500
55 3600
60 3700
51 3800
52 3900
60 4000
51 4100
53 4200
58 4300
49 4400
50 4500
55 4600
52 4700
50 4800
54 4900
57 5000
55 6000
53 7000
53 8000
58 9000
62 10000
57 11000
56 12000
64 13000
58 14000
62 15000
66 16000
63 17000
75 18000
69 19000
94 20000
69 21000
69 22000
77 23000
101 24000
91 25000
66 26000
69 27000
68 28000
61 29000
67 30000
62 31000
68 32000
68 33000
67 34000
65 35000
64 36000
74 37000
69 38000
71 39000
72 40000
62 41000
82 42000
83 43000
68 44000
94 45000
84 46000
77 47000
72 48000
80 49000
85 50000
78 51000
75 52000
76 53000
77 54000
68 55000
72 56000
75 57000
71 58000
77 59000
72 60000
73 61000
75 62000
69 63000
78 64000
93 65000
75 66000
73 67000
69 68000
76 69000
67 70000
73 71000
64 72000
81 73000
76 74000
76 75000
78 76000
68 77000
79 78000
76 79000
76 80000
106 81000
97 82000
89 83000
84 84000
80 85000
82 86000
80 87000
77 88000
80 89000
89 90000
76 91000
80 92000
91 93000
82 94000
86 95000
84 96000
82 97000
106 98000
91 99000
