20 100
30 200
56 300
39 400
40 500
41 600
39 700
40 800
47 900
42 1000
39 1100
42 1200
41 1300
38 1400
48 1500
47 1600
70 1700
45 1800
42 1900
47 2000
40 2100
50 2200
53 2300
52 2400
42 2500
54 2600
46 2700
42 2800
39 2900
55 3000
51 3100
64 3200
56 3300
45 3400
44 3500
58 3600
46 3700
48 3800
54 3900
63 4000
57 4100
49 4200
55 4300
45 4400
53 4500
62 4600
51 4700
75 4800
59 4900
61 5000
64 6000
54 7000
53 8000
55 9000
61 10000
54 11000
55 12000
61 13000
56 14000
61 15000
68 16000
63 17000
66 18000
73 19000
73 20000
73 21000
68 22000
61 23000
72 24000
98 25000
67 26000
82 27000
75 28000
65 29000
69 30000
75 31000
75 32000
78 33000
69 34000
66 35000
63 36000
76 37000
90 38000
67 39000
82 40000
66 41000
95 42000
78 43000
77 44000
91 45000
74 46000
75 47000
72 48000
75 49000
76 50000
76 51000
75 52000
75 53000
75 54000
73 55000
73 56000
76 57000
76 58000
81 59000
79 60000
75 61000
76 62000
76 63000
99 64000
105 65000
79 66000
81 67000
99 68000
80 69000
73 70000
104 71000
77 72000
84 73000
81 74000
79 75000
90 76000
84 77000
84 78000
72 79000
77 80000
76 81000
78 82000
84 83000
102 84000
100 85000
99 86000
87 87000
77 88000
80 89000
87 90000
80 91000
87 92000
83 93000
84 94000
99 95000
83 96000
84 97000
83 98000
84 99000
