234 100
359 200
338 300
354 400
340 500
430 600
456 700
429 800
424 900
410 1000
447 1100
425 1200
429 1300
436 1400
541 1500
447 1600
472 1700
461 1800
436 1900
547 2000
549 2100
511 2200
496 2300
508 2400
505 2500
494 2600
487 2700
507 2800
504 2900
505 3000
509 3100
498 3200
491 3300
510 3400
497 3500
517 3600
492 3700
485 3800
505 3900
503 4000
743 4100
562 4200
677 4300
572 4400
560 4500
563 4600
626 4700
632 4800
793 4900
618 5000
574 6000
558 7000
589 8000
618 9000
693 10000
626 11000
619 12000
635 13000
622 14000
610 15000
620 16000
672 17000
669 18000
687 19000
730 20000
664 21000
796 22000
910 23000
733 24000
725 25000
692 26000
817 27000
850 28000
831 29000
704 30000
765 31000
747 32000
768 33000
748 34000
733 35000
731 36000
730 37000
736 38000
741 39000
736 40000
731 41000
727 42000
741 43000
731 44000
733 45000
720 46000
748 47000
733 48000
800 49000
770 50000
739 51000
731 52000
737 53000
755 54000
736 55000
737 56000
745 57000
751 58000
745 59000
738 60000
742 61000
742 62000
745 63000
732 64000
738 65000
809 66000
816 67000
790 68000
812 69000
810 70000
815 71000
805 72000
784 73000
813 74000
810 75000
800 76000
802 77000
789 78000
793 79000
802 80000
797 81000
795 82000
799 83000
790 84000
808 85000
809 86000
823 87000
801 88000
803 89000
811 90000
798 91000
809 92000
806 93000
816 94000
801 95000
813 96000
802 97000
812 98000
822 99000
805 100000
793 101000
811 102000
850 103000
795 104000
806 105000
806 106000
805 107000
788 108000
806 109000
814 110000
800 111000
803 112000
804 113000
810 114000
798 115000
807 116000
794 117000
809 118000
793 119000
802 120000
798 121000
868 122000
880 123000
832 124000
842 125000
836 126000
881 127000
912 128000
832 129000
819 130000
808 131000
858 132000
880 133000
869 134000
855 135000
866 136000
868 137000
855 138000
889 139000
878 140000
880 141000
881 142000
864 143000
866 144000
881 145000
880 146000
854 147000
877 148000
886 149000
878 150000
883 151000
894 152000
908 153000
1012 154000
1033 155000
913 156000
1097 157000
1088 158000
947 159000
912 160000
952 161000
879 162000
949 163000
1003 164000
901 165000
901 166000
887 167000
943 168000
995 169000
1016 170000
983 171000
1058 172000
1014 173000
996 174000
937 175000
983 176000
927 177000
985 178000
1064 179000
936 180000
884 181000
868 182000
946 183000
945 184000
1124 185000
935 186000
902 187000
896 188000
940 189000
884 190000
871 191000
898 192000
1004 193000
1132 194000
1067 195000
998 196000
1138 197000
905 198000
896 199000
