2 100
5 200
8 300
10 400
11 500
16 600
17 700
21 800
26 900
25 1000
29 1100
27 1200
37 1300
40 1400
48 1500
39 1600
43 1700
44 1800
44 1900
51 2000
56 2100
54 2200
68 2300
61 2400
61 2500
67 2600
66 2700
76 2800
69 2900
83 3000
74 3100
78 3200
81 3300
93 3400
86 3500
99 3600
92 3700
94 3800
101 3900
101 4000
96 4100
110 4200
113 4300
117 4400
123 4500
125 4600
123 4700
129 4800
127 4900
130 5000
194 6000
179 7000
294 8000
218 9000
247 10000
282 11000
303 12000
314 13000
352 14000
372 15000
394 16000
433 17000
448 18000
479 19000
469 20000
581 21000
586 22000
655 23000
632 24000
794 25000
655 26000
994 27000
784 28000
905 29000
918 30000
864 31000
914 32000
876 33000
901 34000
920 35000
914 36000
975 37000
991 38000
1075 39000
1130 40000
1043 41000
1120 42000
1241 43000
1140 44000
1196 45000
1181 46000
1238 47000
1192 48000
1224 49000
1287 50000
1301 51000
1295 52000
1359 53000
1341 54000
1385 55000
1519 56000
1425 57000
1450 58000
1499 59000
1588 60000
1497 61000
1550 62000
1598 63000
1624 64000
1694 65000
1807 66000
1834 67000
1744 68000
1715 69000
1809 70000
1840 71000
1853 72000
1846 73000
1868 74000
1920 75000
1918 76000
1932 77000
2035 78000
2095 79000
2135 80000
2163 81000
2164 82000
2072 83000
2114 84000
2205 85000
2203 86000
2421 87000
2548 88000
2394 89000
2521 90000
2544 91000
2700 92000
2570 93000
2420 94000
2541 95000
2870 96000
2690 97000
2963 98000
2658 99000
3100 100000
2755 101000
2977 102000
2705 103000
2844 104000
2849 105000
2942 106000
2926 107000
3167 108000
2971 109000
3202 110000
3169 111000
3467 112000
3672 113000
3577 114000
3383 115000
3690 116000
3610 117000
3927 118000
3307 119000
3156 120000
3104 121000
3143 122000
3193 123000
3277 124000
3308 125000
3538 126000
3257 127000
3282 128000
3739 129000
3630 130000
3306 131000
3335 132000
3321 133000
3486 134000
3479 135000
3536 136000
