32 1000
57 2000
92 3000
117 4000
167 5000
175 6000
200 7000
219 8000
248 9000
271 10000
278 11000
379 12000
324 13000
357 14000
366 15000
405 16000
431 17000
458 18000
511 19000
596 20000
554 21000
627 22000
647 23000
693 24000
710 25000
692 26000
709 27000
823 28000
772 29000
915 30000
877 31000
855 32000
877 33000
926 34000
928 35000
941 36000
1049 37000
1121 38000
1039 39000
1216 40000
1346 41000
1153 42000
1215 43000
1168 44000
1217 45000
1302 46000
1271 47000
1330 48000
1340 49000
1469 50000
1476 51000
1540 52000
1476 53000
1505 54000
1502 55000
1531 56000
1577 57000
1582 58000
1656 59000
1856 60000
1768 61000
1823 62000
1797 63000
1775 64000
1791 65000
1952 66000
1976 67000
1859 68000
1960 69000
1856 70000
1896 71000
2254 72000
1989 73000
2046 74000
2263 75000
2226 76000
2057 77000
2437 78000
2172 79000
2235 80000
2231 81000
2288 82000
2364 83000
2341 84000
2520 85000
2350 86000
2512 87000
2572 88000
2781 89000
2892 90000
2560 91000
2618 92000
2611 93000
2774 94000
2668 95000
2768 96000
2666 97000
2660 98000
2832 99000
