249 100
463 200
358 300
390 400
446 500
517 600
373 700
427 800
434 900
498 1000
458 1100
421 1200
427 1300
436 1400
421 1500
433 1600
427 1700
455 1800
452 1900
427 2000
489 2100
493 2200
522 2300
500 2400
506 2500
538 2600
490 2700
529 2800
500 2900
508 3000
520 3100
510 3200
531 3300
526 3400
569 3500
515 3600
499 3700
498 3800
493 3900
493 4000
558 4100
539 4200
557 4300
557 4400
575 4500
563 4600
553 4700
554 4800
548 4900
556 5000
551 6000
540 7000
556 8000
601 9000
607 10000
613 11000
615 12000
612 13000
608 14000
603 15000
607 16000
679 17000
685 18000
691 19000
704 20000
701 21000
706 22000
1053 23000
1047 24000
756 25000
850 26000
736 27000
673 28000
700 29000
856 30000
718 31000
784 32000
847 33000
1069 34000
763 35000
842 36000
783 37000
778 38000
945 39000
748 40000
763 41000
960 42000
1252 43000
1373 44000
887 45000
795 46000
751 47000
749 48000
749 49000
738 50000
760 51000
756 52000
745 53000
750 54000
733 55000
759 56000
744 57000
745 58000
747 59000
740 60000
734 61000
756 62000
736 63000
747 64000
750 65000
798 66000
795 67000
795 68000
796 69000
834 70000
806 71000
808 72000
800 73000
796 74000
792 75000
806 76000
793 77000
841 78000
807 79000
808 80000
825 81000
822 82000
801 83000
811 84000
789 85000
806 86000
801 87000
800 88000
790 89000
806 90000
783 91000
810 92000
809 93000
796 94000
789 95000
799 96000
803 97000
809 98000
797 99000
796 100000
820 101000
790 102000
799 103000
803 104000
797 105000
795 106000
795 107000
829 108000
792 109000
814 110000
807 111000
796 112000
802 113000
798 114000
791 115000
808 116000
800 117000
798 118000
807 119000
792 120000
796 121000
806 122000
809 123000
798 124000
816 125000
813 126000
811 127000
786 128000
811 129000
808 130000
802 131000
850 132000
869 133000
871 134000
870 135000
862 136000
866 137000
854 138000
855 139000
866 140000
871 141000
886 142000
870 143000
856 144000
864 145000
848 146000
848 147000
857 148000
868 149000
851 150000
862 151000
849 152000
858 153000
910 154000
848 155000
845 156000
860 157000
845 158000
849 159000
851 160000
854 161000
860 162000
845 163000
847 164000
858 165000
853 166000
849 167000
866 168000
856 169000
858 170000
861 171000
850 172000
855 173000
845 174000
854 175000
856 176000
1064 177000
1036 178000
914 179000
862 180000
860 181000
857 182000
870 183000
902 184000
901 185000
856 186000
859 187000
870 188000
862 189000
863 190000
862 191000
859 192000
841 193000
843 194000
863 195000
865 196000
857 197000
877 198000
860 199000
