27 1000
55 2000
77 3000
116 4000
145 5000
160 6000
190 7000
210 8000
257 9000
273 10000
295 11000
361 12000
386 13000
373 14000
452 15000
550 16000
469 17000
534 18000
474 19000
494 20000
530 21000
557 22000
587 23000
589 24000
623 25000
708 26000
714 27000
755 28000
756 29000
751 30000
789 31000
805 32000
820 33000
845 34000
896 35000
907 36000
946 37000
1017 38000
1127 39000
1250 40000
1212 41000
1140 42000
1217 43000
1160 44000
1148 45000
1193 46000
1511 47000
1419 48000
1327 49000
1382 50000
1336 51000
1404 52000
1426 53000
1552 54000
1421 55000
1513 56000
1659 57000
1871 58000
1670 59000
1561 60000
1624 61000
1655 62000
1744 63000
1761 64000
1782 65000
1759 66000
1743 67000
1911 68000
1853 69000
1838 70000
1896 71000
2067 72000
2235 73000
2317 74000
2026 75000
2052 76000
2004 77000
2043 78000
2040 79000
2086 80000
2200 81000
2160 82000
2343 83000
2378 84000
2241 85000
2337 86000
2288 87000
2353 88000
2576 89000
2525 90000
2402 91000
2526 92000
2660 93000
2734 94000
2622 95000
2620 96000
2545 97000
2554 98000
2593 99000
