322 100
280 200
424 300
329 400
334 500
383 600
375 700
375 800
406 900
374 1000
440 1100
430 1200
440 1300
446 1400
435 1500
449 1600
445 1700
432 1800
455 1900
445 2000
507 2100
498 2200
572 2300
520 2400
509 2500
498 2600
500 2700
492 2800
513 2900
512 3000
492 3100
506 3200
513 3300
501 3400
500 3500
489 3600
496 3700
499 3800
509 3900
507 4000
556 4100
554 4200
582 4300
555 4400
572 4500
565 4600
561 4700
568 4800
548 4900
576 5000
562 6000
564 7000
586 8000
632 9000
618 10000
634 11000
628 12000
625 13000
624 14000
629 15000
636 16000
697 17000
678 18000
693 19000
693 20000
694 21000
695 22000
678 23000
677 24000
685 25000
668 26000
677 27000
689 28000
692 29000
689 30000
684 31000
674 32000
784 33000
870 34000
870 35000
751 36000
765 37000
748 38000
723 39000
759 40000
751 41000
734 42000
746 43000
751 44000
735 45000
740 46000
743 47000
735 48000
743 49000
746 50000
747 51000
753 52000
753 53000
776 54000
746 55000
765 56000
742 57000
745 58000
786 59000
754 60000
749 61000
764 62000
754 63000
751 64000
759 65000
805 66000
799 67000
828 68000
844 69000
821 70000
817 71000
815 72000
810 73000
833 74000
837 75000
821 76000
804 77000
815 78000
825 79000
835 80000
809 81000
823 82000
832 83000
816 84000
824 85000
816 86000
811 87000
819 88000
832 89000
812 90000
817 91000
873 92000
813 93000
805 94000
817 95000
809 96000
824 97000
811 98000
824 99000
828 100000
806 101000
819 102000
826 103000
825 104000
821 105000
818 106000
803 107000
809 108000
823 109000
836 110000
820 111000
828 112000
830 113000
815 114000
824 115000
822 116000
814 117000
825 118000
829 119000
1024 120000
898 121000
814 122000
836 123000
893 124000
1216 125000
1051 126000
946 127000
874 128000
953 129000
906 130000
935 131000
881 132000
882 133000
896 134000
884 135000
894 136000
947 137000
894 138000
933 139000
899 140000
896 141000
868 142000
934 143000
906 144000
1016 145000
969 146000
907 147000
881 148000
890 149000
890 150000
895 151000
885 152000
867 153000
884 154000
876 155000
878 156000
886 157000
884 158000
862 159000
883 160000
871 161000
885 162000
876 163000
864 164000
882 165000
862 166000
883 167000
871 168000
890 169000
970 170000
1014 171000
928 172000
933 173000
1174 174000
1076 175000
907 176000
1056 177000
950 178000
875 179000
934 180000
883 181000
885 182000
896 183000
1013 184000
929 185000
905 186000
917 187000
1290 188000
947 189000
993 190000
898 191000
911 192000
889 193000
904 194000
884 195000
857 196000
870 197000
874 198000
866 199000
