281 100
302 200
381 300
365 400
337 500
388 600
404 700
400 800
397 900
385 1000
454 1100
455 1200
461 1300
447 1400
466 1500
433 1600
500 1700
458 1800
585 1900
553 2000
538 2100
557 2200
554 2300
523 2400
520 2500
530 2600
561 2700
698 2800
592 2900
584 3000
644 3100
526 3200
530 3300
540 3400
543 3500
548 3600
551 3700
600 3800
573 3900
620 4000
761 4100
681 4200
686 4300
673 4400
758 4500
638 4600
621 4700
607 4800
596 4900
609 5000
600 6000
667 7000
798 8000
876 9000
745 10000
753 11000
688 12000
794 13000
745 14000
806 15000
728 16000
759 17000
789 18000
816 19000
750 20000
793 21000
765 22000
735 23000
737 24000
718 25000
743 26000
757 27000
839 28000
771 29000
719 30000
906 31000
770 32000
811 33000
783 34000
878 35000
829 36000
809 37000
813 38000
795 39000
934 40000
786 41000
800 42000
864 43000
828 44000
854 45000
1068 46000
1302 47000
850 48000
891 49000
829 50000
882 51000
829 52000
1000 53000
910 54000
903 55000
799 56000
1013 57000
881 58000
890 59000
867 60000
898 61000
870 62000
881 63000
854 64000
825 65000
872 66000
873 67000
851 68000
1008 69000
1054 70000
912 71000
967 72000
1110 73000
955 74000
910 75000
937 76000
905 77000
966 78000
907 79000
914 80000
851 81000
851 82000
833 83000
871 84000
865 85000
905 86000
910 87000
878 88000
853 89000
847 90000
861 91000
878 92000
988 93000
872 94000
901 95000
844 96000
870 97000
861 98000
885 99000
842 100000
964 101000
929 102000
916 103000
1183 104000
889 105000
920 106000
1083 107000
1253 108000
942 109000
1116 110000
1011 111000
982 112000
907 113000
886 114000
861 115000
857 116000
831 117000
873 118000
895 119000
908 120000
907 121000
903 122000
890 123000
857 124000
931 125000
990 126000
992 127000
901 128000
853 129000
841 130000
838 131000
905 132000
891 133000
907 134000
910 135000
906 136000
999 137000
922 138000
1035 139000
980 140000
1014 141000
947 142000
965 143000
903 144000
1035 145000
1132 146000
1391 147000
1049 148000
931 149000
927 150000
913 151000
920 152000
925 153000
937 154000
1049 155000
919 156000
941 157000
949 158000
1094 159000
1056 160000
1046 161000
963 162000
979 163000
1081 164000
1001 165000
981 166000
984 167000
1220 168000
1251 169000
984 170000
1042 171000
941 172000
1020 173000
969 174000
1058 175000
941 176000
942 177000
933 178000
912 179000
917 180000
915 181000
908 182000
907 183000
930 184000
939 185000
905 186000
904 187000
893 188000
902 189000
895 190000
912 191000
909 192000
902 193000
907 194000
898 195000
886 196000
898 197000
917 198000
882 199000
