253 100
401 200
346 300
351 400
336 500
401 600
393 700
486 800
394 900
431 1000
485 1100
438 1200
471 1300
498 1400
645 1500
535 1600
447 1700
439 1800
432 1900
433 2000
489 2100
523 2200
564 2300
526 2400
501 2500
502 2600
498 2700
500 2800
479 2900
501 3000
483 3100
501 3200
498 3300
500 3400
481 3500
508 3600
500 3700
486 3800
491 3900
486 4000
541 4100
554 4200
541 4300
541 4400
609 4500
547 4600
548 4700
556 4800
550 4900
552 5000
560 6000
566 7000
553 8000
625 9000
613 10000
613 11000
604 12000
602 13000
643 14000
626 15000
640 16000
672 17000
676 18000
675 19000
671 20000
667 21000
660 22000
675 23000
656 24000
669 25000
677 26000
673 27000
674 28000
676 29000
669 30000
670 31000
704 32000
738 33000
732 34000
726 35000
759 36000
755 37000
785 38000
789 39000
784 40000
754 41000
724 42000
726 43000
739 44000
737 45000
788 46000
851 47000
738 48000
735 49000
754 50000
741 51000
928 52000
798 53000
748 54000
773 55000
750 56000
753 57000
744 58000
740 59000
743 60000
770 61000
793 62000
761 63000
778 64000
784 65000
831 66000
838 67000
833 68000
805 69000
798 70000
808 71000
791 72000
815 73000
796 74000
823 75000
825 76000
807 77000
792 78000
798 79000
786 80000
803 81000
802 82000
782 83000
833 84000
852 85000
836 86000
808 87000
813 88000
802 89000
876 90000
1088 91000
1107 92000
907 93000
843 94000
844 95000
822 96000
914 97000
835 98000
817 99000
807 100000
813 101000
812 102000
810 103000
823 104000
805 105000
811 106000
801 107000
821 108000
819 109000
821 110000
983 111000
843 112000
1256 113000
1011 114000
878 115000
1235 116000
1029 117000
933 118000
907 119000
851 120000
817 121000
817 122000
842 123000
820 124000
884 125000
881 126000
823 127000
863 128000
964 129000
883 130000
855 131000
1345 132000
885 133000
866 134000
931 135000
950 136000
1070 137000
1289 138000
930 139000
920 140000
895 141000
960 142000
945 143000
940 144000
946 145000
910 146000
908 147000
1060 148000
938 149000
1024 150000
1226 151000
1081 152000
983 153000
1021 154000
941 155000
894 156000
919 157000
921 158000
917 159000
889 160000
874 161000
873 162000
871 163000
881 164000
881 165000
1150 166000
1066 167000
984 168000
889 169000
1033 170000
1158 171000
944 172000
966 173000
930 174000
891 175000
937 176000
873 177000
876 178000
881 179000
873 180000
857 181000
869 182000
875 183000
944 184000
976 185000
1115 186000
1016 187000
1023 188000
986 189000
953 190000
1305 191000
1110 192000
932 193000
1041 194000
1052 195000
967 196000
1039 197000
936 198000
954 199000
