29 1000
52 2000
163 3000
174 4000
187 5000
190 6000
204 7000
241 8000
243 9000
275 10000
295 11000
314 12000
353 13000
362 14000
395 15000
413 16000
433 17000
466 18000
478 19000
511 20000
539 21000
731 22000
636 23000
700 24000
724 25000
675 26000
907 27000
762 28000
874 29000
845 30000
920 31000
904 32000
862 33000
904 34000
927 35000
933 36000
962 37000
988 38000
1024 39000
1063 40000
1101 41000
1105 42000
1111 43000
1162 44000
1168 45000
1201 46000
1406 47000
1423 48000
1350 49000
1343 50000
1331 51000
1433 52000
1420 53000
1424 54000
1490 55000
1715 56000
1503 57000
1523 58000
1543 59000
1571 60000
1587 61000
1648 62000
1722 63000
1693 64000
1751 65000
1804 66000
1802 67000
2217 68000
2026 69000
2082 70000
2189 71000
2164 72000
2408 73000
2267 74000
2038 75000
2097 76000
2036 77000
2066 78000
2097 79000
2253 80000
2658 81000
2281 82000
2826 83000
3013 84000
2367 85000
2415 86000
2426 87000
2557 88000
2558 89000
2435 90000
2430 91000
2496 92000
2469 93000
2471 94000
2542 95000
2561 96000
2564 97000
2566 98000
2620 99000
