29 122 100
70 264 200
121 406 300
174 572 400
231 730 500
290 892 600
363 1028 700
435 1242 800
494 1348 900
547 1582 1000
701 1726 1100
837 1904 1200
762 2152 1300
750 2348 1400
837 2442 1500
882 2656 1600
945 2848 1700
1174 3052 1800
1152 3206 1900
1231 3436 2000
1240 3670 2100
1306 3848 2200
1337 4076 2300
1546 4138 2400
1529 4364 2500
1615 4520 2600
1677 4706 2700
1718 5020 2800
1906 5196 2900
2165 5406 3000
2145 5716 3100
2271 5670 3200
2329 6000 3300
2511 6106 3400
2702 6358 3500
2578 6616 3600
2504 6802 3700
2496 7150 3800
2974 7294 3900
3653 7448 4000
3089 7442 4100
2931 7638 4200
2937 7940 4300
3672 8192 4400
3233 8334 4500
3176 8694 4600
3402 8924 4700
3750 9080 4800
3663 9410 4900
3517 9572 5000
4302 11574 6000
5490 13476 7000
5915 15952 8000
8053 17604 9000
8166 20078 10000
8910 22628 11000
9438 24204 12000
10613 26968 13000
11357 29524 14000
13435 31898 15000
15985 33202 16000
15617 35684 17000
16516 38686 18000
17956 41138 19000
17932 42634 20000
18226 44978 21000
19533 47308 22000
25209 50456 23000
22375 52930 24000
23157 55482 25000
25962 56330 26000
27549 59038 27000
27453 61492 28000
28596 64892 29000
30281 67326 30000
28108 69968 31000
30085 71954 32000
30744 73168 33000
33264 75524 34000
34829 78338 35000
36160 80698 36000
35614 83484 37000
39175 86938 38000
