0 0 10
0 0 20
0 0 30
0 0 40
0 0 50
0 0 60
0 0 70
0 0 80
1 0 90
1 0 100
1 1 110
1 1 120
3 1 130
3 1 140
2 2 150
4 2 160
4 2 170
4 2 180
4 2 190
5 3 200
6 3 210
8 5 220
7 5 230
7 5 240
8 4 250
10 5 260
9 5 270
11 6 280
13 9 290
14 10 300
15 9 310
21 10 320
14 8 330
20 12 340
17 11 350
21 13 360
18 13 370
23 15 380
22 13 390
19 14 400
21 16 410
23 13 420
25 13 430
27 17 440
25 16 450
29 16 460
33 20 470
31 18 480
30 21 490
34 19 500
49 29 600
73 40 700
86 51 800
113 81 900
130 83 1000
166 102 1100
198 119 1200
224 138 1300
276 158 1400
361 188 1500
361 202 1600
385 248 1700
604 268 1800
494 287 1900
515 317 2000
574 345 2100
650 400 2200
678 423 2300
748 459 2400
818 483 2500
897 522 2600
953 560 2700
1017 607 2800
1105 666 2900
1177 696 3000
1249 754 3100
1403 817 3200
1622 881 3300
1550 920 3400
1592 944 3500
1679 1031 3600
1779 1074 3700
1885 1111 3800
1971 1200 3900
2128 1240 4000
2190 1316 4100
2315 1409 4200
2402 1448 4300
2554 1505 4400
2640 1615 4500
3230 1667 4600
2904 1743 4700
3002 1788 4800
3172 1883 4900
3234 1945 5000
3374 2024 5100
3493 2086 5200
3639 2186 5300
3775 2275 5400
3881 2359 5500
4104 2483 5600
4193 2550 5700
4780 2652 5800
4853 2733 5900
4692 2818 6000
4858 2880 6100
4987 2970 6200
5168 3075 6300
5352 3147 6400
5548 3296 6500
5671 3461 6600
5782 3475 6700
5968 3688 6800
6150 3706 6900
6356 3810 7000
7024 4067 7100
6809 4064 7200
6895 4165 7300
7107 4260 7400
7341 4626 7500
7905 4507 7600
7746 4855 7700
7909 4737 7800
8095 4865 7900
8293 4964 8000
8498 5094 8100
8917 5492 8200
9441 5568 8300
9200 5534 8400
9932 5678 8500
9725 5828 8600
9796 5853 8700
10064 6419 8800
10515 6760 8900
