0.005 56 6513
0.01 59 4854
0.015 62 4526
0.02 83 4323
0.025 86 3574
0.03 91 3076
0.035 83 2266
0.04 95 1906
0.045 112 1738
0.05 129 1501
0.055 116 1324
0.06 100 1398
0.065 94 1229
0.07 126 1425
0.075 98 916
0.08 105 929
0.085 104 837
0.09 128 891
0.095 179 804
0.1 176 707
0.105 133 650
0.11 112 552
0.115 185 782
0.12 135 567
0.125 130 503
0.13 146 523
0.135 138 472
0.14 125 408
0.145 120 363
0.15 133 370
0.155 142 383
0.16 124 335
0.165 124 293
0.17 136 320
0.175 117 241
0.18 157 321
0.185 146 294
0.19 137 251
0.195 138 258
0.2 128 230
0.205 124 221
0.21 126 198
0.215 144 223
0.22 137 206
0.225 128 178
0.23 139 196
0.235 148 186
0.24 153 177
0.245 151 173
0.25 151 163
0.255 146 145
0.26 246 137
0.265 177 157
0.27 151 137
0.275 170 131
0.285 148 122
0.29 139 128
0.295 136 103
0.3 141 119
0.305 121 97
0.31 157 103
0.315 147 95
0.32 151 102
0.325 124 84
0.33 131 83
0.335 132 79
0.34 149 88
0.345 129 75
0.35 120 69
0.355 162 97
0.36 146 71
0.365 147 69
0.37 156 71
0.375 143 61
0.38 149 64
0.385 135 60
0.39 135 57
0.395 130 57
0.4 122 55
0.405 143 61
0.41 113 46
0.415 119 51
0.42 135 51
0.425 110 43
0.435 132 44
0.44 121 43
0.445 138 50
0.45 116 43
0.455 143 48
0.46 107 38
0.465 115 44
0.47 105 34
0.475 98 33
0.48 114 37
0.485 102 33
0.49 110 33
0.495 116 38
0.5 103 33
0.505 104 32
0.51 106 31
0.515 100 28
0.52 102 28
0.525 120 30
0.53 95 26
0.535 109 28
0.54 108 27
0.545 101 24
0.55 92 23
0.555 89 22
0.56 104 24
0.565 105 23
0.57 106 25
0.575 92 21
0.58 90 20
0.585 98 22
0.59 87 18
0.595 95 21
0.6 105 21
0.605 84 17
0.61 83 16
0.615 90 17
0.62 73 14
0.625 90 17
0.63 85 15
0.635 82 15
0.64 77 14
0.645 79 13
0.65 95 17
0.655 72 13
0.66 79 13
0.665 83 12
0.67 92 15
0.675 76 11
0.68 69 10
0.685 68 10
0.69 69 10
0.695 79 11
0.7 72 10
0.705 78 10
0.71 75 9
0.715 106 8
0.72 81 9
0.725 61 7
0.73 66 8
0.735 61 8
0.74 64 8
0.745 64 7
0.75 65 7
0.755 63 6
0.76 61 5
0.765 80 8
0.77 56 5
0.775 58 5
0.78 63 5
0.785 76 5
0.79 79 6
0.795 121 4
0.8 100 5
0.805 80 5
0.81 68 4
0.815 66 4
0.82 61 4
0.825 70 4
0.83 55 3
0.835 56 3
0.84 65 4
0.845 60 3
0.85 56 3
0.855 55 3
0.86 53 3
0.865 57 2
0.87 59 3
0.875 68 3
0.88 63 2
0.885 66 3
0.89 54 2
0.895 52 2
0.9 51 2
0.905 51 2
0.91 52 2
0.915 50 1
0.92 47 1
0.925 59 1
0.93 54 1
0.935 50 1
0.94 47 1
0.945 45 1
0.95 52 1
0.955 50 1
0.96 52 1
0.965 53 1
0.97 63 1
0.975 56 1
0.98 59 1
0.985 59 1
0.99 64 1
0.995 66 1
