5 0
10 2
15 4
20 8
25 14
30 21
35 33
40 40
45 51
50 65
55 87
60 104
65 110
70 150
75 180
80 137
85 174
90 188
95 218
100 229
105 257
110 252
115 288
120 310
125 339
130 346
135 380
140 429
145 398
150 447
155 515
160 568
165 557
170 691
175 646
180 706
185 736
190 721
195 851
200 889
205 932
210 925
215 957
220 1059
225 1066
230 1164
235 1215
240 1226
245 1289
250 1273
255 1346
260 1385
265 1478
270 1458
275 1673
280 1807
285 1734
290 1814
295 1850
300 1905
305 2030
310 2102
315 2211
320 2232
325 2235
330 2355
335 2441
340 2552
345 2534
350 2729
355 2639
360 2765
365 3002
370 2867
375 3108
380 3222
385 3140
390 3333
395 3420
400 3583
405 3407
410 3801
415 3605
420 3812
425 4117
430 3879
435 4292
440 4130
445 4407
450 4311
455 4568
460 4641
465 4815
470 5014
475 5025
480 5614
485 5747
490 5562
495 5429
500 5402
600 7797
700 11046
800 14456
900 18149
1000 23406
1100 27606
1200 32103
1300 38890
1400 43100
1500 56575
1600 62882
