0.0004 5 299
0.0044 67 679
0.0084 180 612
0.0124 266 436
0.0164 460 423
0.0204 526 350
0.0244 775 277
0.0284 727 285
0.0324 743 251
0.0364 932 238
0.0404 957 208
0.0444 1086 197
0.0484 1118 152
0.0524 1210 157
0.0564 1464 141
0.0604 1443 141
0.0644 1392 121
0.0684 1542 122
0.0724 1536 106
0.0764 1773 109
0.0804 1786 99
0.0844 1770 90
0.0884 1979 93
0.0924 2050 88
0.0964 2401 85
0.1004 2584 81
0.1044 2195 71
0.1084 2346 72
0.1124 2599 68
0.1164 2718 62
0.1204 2679 65
0.1244 2747 63
0.1284 2731 60
0.1324 2868 58
0.1364 2870 55
0.1404 2625 48
0.1444 2813 48
0.1484 3091 51
0.1524 2872 43
0.1564 3278 47
0.1604 3059 43
0.1644 3100 41
0.1684 3074 38
0.1724 3362 40
0.1764 3588 40
0.1804 3437 37
0.1844 3435 36
0.1884 3832 38
0.1924 4098 39
0.1964 3657 33
0.2004 4057 31
0.2044 3916 32
0.2084 3680 29
0.2124 3610 27
0.2164 3890 29
0.2204 4095 29
0.2244 4388 26
0.2284 3984 26
0.2324 3849 24
0.2364 4207 26
0.2404 4398 27
0.2444 4130 24
0.2484 4616 21
0.2524 4742 23
0.2564 4487 23
0.2604 4202 21
0.2644 4133 20
0.2684 4256 20
0.2724 4457 20
0.2764 4409 19
0.2804 4280 18
0.2844 4649 19
0.2884 4479 17
0.2924 4471 17
0.2964 4378 17
0.3004 4573 17
0.3044 4820 17
0.3084 4657 16
0.3124 4993 17
0.3164 4704 16
0.3204 4636 15
0.3244 4933 15
0.3284 4820 15
0.3324 4763 14
0.3364 4879 14
0.3404 4953 14
0.3444 4940 14
0.3484 4807 13
0.3524 5007 13
0.3564 4810 12
0.3604 5072 12
0.3644 5091 11
0.3684 4828 11
0.3724 5137 12
0.3764 4682 10
0.3804 5176 11
0.3844 5102 11
0.3884 5158 11
0.3924 4995 10
0.3964 5026 10
0.4004 5392 10
0.4044 4940 9
0.4084 5102 9
0.4124 5262 10
0.4164 4937 9
0.4204 5169 9
0.4244 4964 8
0.4284 5137 8
0.4324 5288 8
0.4364 5144 8
0.4404 5292 8
0.4444 5234 8
0.4484 5085 7
0.4524 5899 7
0.4564 5199 7
0.4604 6065 7
0.4644 5511 7
0.4684 5211 7
0.4724 5329 7
0.4764 5211 7
0.4804 5401 7
0.4844 5394 7
0.4884 5271 6
0.4924 5386 6
0.4964 5470 6
0.5004 6152 6
0.5044 5262 6
0.5084 5220 5
0.5124 5266 5
0.5164 5642 5
0.5204 5372 5
0.5244 5309 5
0.5284 5605 5
0.5324 5499 5
0.5364 5400 5
0.5404 5486 5
0.5444 5395 5
0.5484 5422 5
0.5524 5246 4
0.5564 5453 4
0.5604 5337 4
0.5644 5473 4
0.5684 5639 4
0.5724 5763 4
0.5764 5664 4
0.5804 5289 4
0.5844 5445 4
0.5884 5422 4
0.5924 5482 4
0.5964 5412 4
0.6004 5671 4
0.6044 5755 4
0.6084 5583 3
0.6124 5497 3
0.6164 5608 3
0.6204 5536 3
0.6244 5684 3
0.6284 5608 3
0.6324 6146 3
0.6364 5501 3
0.6404 5320 3
0.6444 5369 3
0.6484 5351 3
0.6524 5348 2
0.6564 5268 2
0.6604 5342 2
0.6644 5589 3
0.6684 5481 2
0.6724 5424 2
0.6764 5748 3
0.6804 5496 2
0.6844 5365 2
0.6884 5692 2
0.6924 5549 2
0.6964 5419 2
0.7004 5610 2
0.7044 5400 2
0.7084 5446 2
0.7124 5717 2
0.7164 5640 2
0.7204 5888 2
0.7244 5839 2
0.7284 5839 2
0.7324 5856 2
0.7364 5910 2
0.7404 5845 2
0.7444 5946 2
0.7484 6015 2
0.7524 5898 2
0.7564 6125 2
0.7604 6623 2
0.7644 6219 2
0.7684 6264 2
0.7724 6352 2
0.7764 6323 2
0.7804 6490 2
0.7844 6349 1
0.7884 6468 1
0.7924 6593 2
0.7964 6759 2
0.8004 6632 1
0.8044 6702 1
0.8084 6631 1
0.8124 6752 1
0.8164 6797 1
0.8204 6776 1
0.8244 7031 1
0.8284 6916 1
0.8324 6851 1
0.8364 6975 1
0.8404 6889 1
0.8444 7286 1
0.8484 6968 1
0.8524 7041 1
0.8564 7189 1
0.8604 6888 1
0.8644 7112 1
0.8684 7625 1
0.8724 7077 1
0.8764 7448 1
0.8804 7042 1
0.8844 7177 1
0.8884 7296 1
0.8924 7105 1
0.8964 7374 1
0.9004 7464 1
0.9044 7328 1
0.9084 7456 1
0.9124 7484 1
0.9164 7741 1
0.9204 7707 1
0.9244 7724 1
0.9284 7830 1
0.9324 7968 1
0.9364 8027 1
0.9404 8164 1
0.9444 8245 1
0.9484 8434 1
0.9524 8735 1
0.9564 8887 1
0.9604 9578 1
0.9644 9221 1
0.9684 9572 1
0.9724 9760 1
0.9764 10057 1
0.9804 10441 1
0.9844 10739 1
0.9884 11311 1
0.9924 12017 1
0.9964 13390 1
