5 0
10 4
15 12
20 15
25 37
30 61
35 67
40 79
45 131
50 165
55 190
60 189
65 144
70 156
75 180
80 207
85 326
90 284
95 308
100 324
105 395
110 430
115 435
120 471
125 647
130 922
135 749
140 748
145 984
150 909
155 1156
160 1282
165 1351
170 1689
175 1327
180 1469
185 1305
190 1165
195 1314
200 1727
205 1983
210 2041
215 1686
220 1871
225 1790
230 1774
235 1946
240 1848
245 2361
250 2184
255 2659
260 3092
265 2543
270 2643
275 2610
280 2939
285 3081
290 2812
295 4004
300 3251
305 3651
310 3587
315 3312
320 3385
325 3752
330 3865
335 3955
340 4262
345 4286
350 4480
355 4341
360 4515
365 5072
370 4920
375 4902
380 5229
385 5635
390 5405
395 6112
400 5754
405 6959
410 6852
415 7283
420 6971
425 7175
430 5873
435 5904
440 6134
445 7145
450 6138
455 6733
460 7230
465 6731
470 7483
475 7458
480 7785
485 7084
490 7739
495 7576
500 7654
600 11106
700 15554
800 19621
900 24961
1000 30893
1100 37687
1200 50692
